# This maze was made with Pathie's maze maker.
#numberofrobots
28
#rooms
##start
1212 12 12
129 12 9
1512 15 12
1215 12 15
912 9 12
915 9 15
1515 15 15
159 15 9
99 9 9
69 6 9
66 6 6
96 9 6
126 12 6
156 15 6
186 18 6
189 18 9
1812 18 12
1815 18 15
1818 18 18
1518 15 18
1218 12 18
918 9 18
618 6 18
615 6 15
612 6 12
312 3 12
39 3 9
36 3 6
63 6 3
93 9 3
123 12 3
153 15 3
183 18 3
213 21 3
216 21 6
219 21 9
2112 21 12
2115 21 15
2118 21 18
2121 21 21
1821 18 21
1521 15 21
1221 12 21
921 9 21
621 6 21
321 3 21
318 3 18
315 3 15
015 0 15
012 0 12
09 0 9
06 0 6
03 0 3
00 0 0
30 3 0
60 6 0
90 9 0
120 12 0
150 15 0
180 18 0
210 21 0
240 24 0
243 24 3
246 24 6
249 24 9
2412 24 12
2415 24 15
2418 24 18
2421 24 21
2424 24 24
2124 21 24
1824 18 24
1524 15 24
1224 12 24
924 9 24
624 6 24
324 3 24
024 0 24
021 0 21
018 0 18
##end
33 3 3
#tunnels
1212-1215
1215-1515
1515-1518
1518-1218
1218-918
918-618
618-318
318-018
018-015
015-315
315-312
312-012
012-09
09-06
06-03
03-00
00-30
30-33
1212-912
912-915
915-615
615-612
612-69
69-39
39-36
36-33
1212-1512
1512-1812
1812-1815
1815-1818
1818-1821
1821-1521
1521-1524
1221-1521
1221-921
1518-1521
921-621
621-624
624-324
324-321
321-021
624-924
1224-1524
1821-2121
2121-2124
2124-1824
2124-2424
2424-2421
2421-2418
2418-2118
2118-2115
2115-1815
2415-2412
2412-249
249-219
2112-2412
249-246
240-243
243-246
243-213
213-183
183-186
216-246
216-219
219-189
189-1812
186-156
156-159
180-210
210-240
180-150
150-153
153-156
1212-129
129-126
126-96
96-93
126-123
123-120
120-90
90-60
93-63
96-66
63-66
63-33
